9.483356314779479E-4
0.0037897451640321322
0.008513450158049107
0.015101531982495309
0.023528999786421756
0.033763885297822094
0.04576736409023818
0.05949390285710776
0.074891432135193
0.0919015438218892
0.11045971273716476
0.1304955413896705
0.15193302701853673
0.17469084989787909
0.19868268181037185
0.2238175135197471
0.2500000000000001
0.2771308221117309
0.30510706335366033
0.33382260026017024
0.3631685049639587
0.3930334583967513
0.42330417256065733
0.45386582026834904
0.4846024707219149
0.5153975292780851
0.546134179731651
0.5766958274393428
0.6069665416032488
0.6368314950360415
0.6661773997398298
0.6948929366463397
0.7228691778882692
0.75
0.7761824864802529
0.8013173181896283
0.825309150102121
0.8480669729814634
0.8695044586103295
0.8895402872628353
0.9080984561781109
0.9251085678648071
0.9405060971428922
0.9542326359097619
0.9662361147021779
0.9764710002135784
0.9848984680175048
0.991486549841951
0.9962102548359679
0.9990516643685221
1.0
0.9990516643685221
0.9962102548359679
0.991486549841951
0.9848984680175048
0.9764710002135784
0.9662361147021779
0.9542326359097619
0.9405060971428922
0.9251085678648071
0.9080984561781109
0.8895402872628353
0.8695044586103295
0.8480669729814634
0.825309150102121
0.8013173181896283
0.7761824864802529
0.75
0.7228691778882692
0.6948929366463397
0.6661773997398298
0.6368314950360415
0.6069665416032488
0.5766958274393428
0.546134179731651
0.5153975292780851
0.4846024707219149
0.45386582026834904
0.42330417256065733
0.3930334583967513
0.3631685049639587
0.33382260026017024
0.30510706335366033
0.2771308221117309
0.2500000000000001
0.2238175135197471
0.19868268181037185
0.17469084989787909
0.15193302701853673
0.1304955413896705
0.11045971273716476
0.0919015438218892
0.074891432135193
0.05949390285710776
0.04576736409023818
0.033763885297822094
0.023528999786421756
0.015101531982495309
0.008513450158049107
0.0037897451640321322
